# Golden model reference outputs
# Generated by export_weights.py -- do not edit by hand.
# Format:  TENSOR <image_index> <layer_name> <count>
#          then <count> float values, one per line, %.9g
# Architecture: Conv2D(1->2,3x3) ReLU MaxPool(2) Flatten Dense(32->3) Softmax

# ---- image 0: horizontal_edge ----
TENSOR 0 input 64
0
0
0
0
0
0
0
0
0
0
0
0
0
0
0
0
0
0
0
0
0
0
0
0
0
0
0
0
0
0
0
0
10
10
10
10
10
10
10
10
10
10
10
10
10
10
10
10
10
10
10
10
10
10
10
10
10
10
10
10
10
10
10
10
TENSOR 0 conv 128
0
0
0
0
0
0
0
0
0
0
0
0
0
0
0
0
0
0
0
0
0
0
0
0
20
30
30
30
30
30
30
20
20
30
30
30
30
30
30
20
0
0
0
0
0
0
0
0
0
0
0
0
0
0
0
0
-20
-30
-30
-30
-30
-30
-30
-20
0
0
0
0
0
0
0
0
0
0
0
0
0
0
0
0
0
0
0
0
0
0
0
0
10
0
0
0
0
0
0
-10
20
0
0
0
0
0
0
-20
30
0
0
0
0
0
0
-30
30
0
0
0
0
0
0
-30
20
0
0
0
0
0
0
-20
TENSOR 0 relu 128
0
0
0
0
0
0
0
0
0
0
0
0
0
0
0
0
0
0
0
0
0
0
0
0
20
30
30
30
30
30
30
20
20
30
30
30
30
30
30
20
0
0
0
0
0
0
0
0
0
0
0
0
0
0
0
0
0
0
0
0
0
0
0
0
0
0
0
0
0
0
0
0
0
0
0
0
0
0
0
0
0
0
0
0
0
0
0
0
10
0
0
0
0
0
0
0
20
0
0
0
0
0
0
0
30
0
0
0
0
0
0
0
30
0
0
0
0
0
0
0
20
0
0
0
0
0
0
0
TENSOR 0 pool 32
0
0
0
0
30
30
30
30
30
30
30
30
0
0
0
0
0
0
0
0
10
0
0
0
30
0
0
0
30
0
0
0
TENSOR 0 flatten 32
0
0
0
0
30
30
30
30
30
30
30
30
0
0
0
0
0
0
0
0
10
0
0
0
30
0
0
0
30
0
0
0
TENSOR 0 dense 3
16.8084049
1.20989847
-10.4608498
TENSOR 0 softmax 3
0.999999881
1.68133596e-07
1.43586326e-12

# ---- image 1: vertical_edge ----
TENSOR 1 input 64
0
0
0
0
10
10
10
10
0
0
0
0
10
10
10
10
0
0
0
0
10
10
10
10
0
0
0
0
10
10
10
10
0
0
0
0
10
10
10
10
0
0
0
0
10
10
10
10
0
0
0
0
10
10
10
10
0
0
0
0
10
10
10
10
TENSOR 1 conv 128
0
0
0
10
20
30
30
20
0
0
0
0
0
0
0
0
0
0
0
0
0
0
0
0
0
0
0
0
0
0
0
0
0
0
0
0
0
0
0
0
0
0
0
0
0
0
0
0
0
0
0
0
0
0
0
0
0
0
0
-10
-20
-30
-30
-20
0
0
0
20
20
0
0
-20
0
0
0
30
30
0
0
-30
0
0
0
30
30
0
0
-30
0
0
0
30
30
0
0
-30
0
0
0
30
30
0
0
-30
0
0
0
30
30
0
0
-30
0
0
0
30
30
0
0
-30
0
0
0
20
20
0
0
-20
TENSOR 1 relu 128
0
0
0
10
20
30
30
20
0
0
0
0
0
0
0
0
0
0
0
0
0
0
0
0
0
0
0
0
0
0
0
0
0
0
0
0
0
0
0
0
0
0
0
0
0
0
0
0
0
0
0
0
0
0
0
0
0
0
0
0
0
0
0
0
0
0
0
20
20
0
0
0
0
0
0
30
30
0
0
0
0
0
0
30
30
0
0
0
0
0
0
30
30
0
0
0
0
0
0
30
30
0
0
0
0
0
0
30
30
0
0
0
0
0
0
30
30
0
0
0
0
0
0
20
20
0
0
0
TENSOR 1 pool 32
0
10
30
30
0
0
0
0
0
0
0
0
0
0
0
0
0
30
30
0
0
30
30
0
0
30
30
0
0
30
30
0
TENSOR 1 flatten 32
0
10
30
30
0
0
0
0
0
0
0
0
0
0
0
0
0
30
30
0
0
30
30
0
0
30
30
0
0
30
30
0
TENSOR 1 dense 3
-5.06527805
-0.490777731
5.86810732
TENSOR 1 softmax 3
1.78209903e-05
0.00172827335
0.998253882

# ---- image 2: uniform ----
TENSOR 2 input 64
5
5
5
5
5
5
5
5
5
5
5
5
5
5
5
5
5
5
5
5
5
5
5
5
5
5
5
5
5
5
5
5
5
5
5
5
5
5
5
5
5
5
5
5
5
5
5
5
5
5
5
5
5
5
5
5
5
5
5
5
5
5
5
5
TENSOR 2 conv 128
10
15
15
15
15
15
15
10
0
0
0
0
0
0
0
0
0
0
0
0
0
0
0
0
0
0
0
0
0
0
0
0
0
0
0
0
0
0
0
0
0
0
0
0
0
0
0
0
0
0
0
0
0
0
0
0
-10
-15
-15
-15
-15
-15
-15
-10
10
0
0
0
0
0
0
-10
15
0
0
0
0
0
0
-15
15
0
0
0
0
0
0
-15
15
0
0
0
0
0
0
-15
15
0
0
0
0
0
0
-15
15
0
0
0
0
0
0
-15
15
0
0
0
0
0
0
-15
10
0
0
0
0
0
0
-10
TENSOR 2 relu 128
10
15
15
15
15
15
15
10
0
0
0
0
0
0
0
0
0
0
0
0
0
0
0
0
0
0
0
0
0
0
0
0
0
0
0
0
0
0
0
0
0
0
0
0
0
0
0
0
0
0
0
0
0
0
0
0
0
0
0
0
0
0
0
0
10
0
0
0
0
0
0
0
15
0
0
0
0
0
0
0
15
0
0
0
0
0
0
0
15
0
0
0
0
0
0
0
15
0
0
0
0
0
0
0
15
0
0
0
0
0
0
0
15
0
0
0
0
0
0
0
10
0
0
0
0
0
0
0
TENSOR 2 pool 32
15
15
15
15
0
0
0
0
0
0
0
0
0
0
0
0
15
0
0
0
15
0
0
0
15
0
0
0
15
0
0
0
TENSOR 2 flatten 32
15
15
15
15
0
0
0
0
0
0
0
0
0
0
0
0
15
0
0
0
15
0
0
0
15
0
0
0
15
0
0
0
TENSOR 2 dense 3
-3.07453537
4.05858517
3.18467426
TENSOR 2 softmax 3
0.000562877452
0.705161691
0.294275463

